0,0,100%,100%|0,0,0|9,6
	c2
	0,0,40%,100%|0,0,0|8,2
	c3
		0,0,100%,30%|0,0,0|8,5
			c1
			0,0,100%,80%|0,0,0|9,2
			e3
				0,0,30%,80%|0,0,0|
				0,0,30%,80%|0,0,0|
				0,0,30%,80%|0,0,0|
		0,0,100%,30%|0,0,0|8,5
		c1
			0,0,100%,80%|0,0,0|9,2
			e3
				0,0,30%,80%|0,0,0|
				0,0,30%,80%|0,0,0|
				0,0,30%,80%|0,0,0|
		0,0,100%,30%|0,0,0|8,5
		c1
			0,0,100%,80%|0,0,0|9,2
			e3
				0,0,30%,80%|0,0,0|
				0,0,30%,80%|0,0,0|
				0,0,30%,80%|0,0,0|
	0,0,60%,100%|0,0,0|9,2|
	c2
		0,0,80%,100%|0,0,0|8,5
		c3
			0,0,90%,80%|0,0,0|8,2
				c1
					0,0,100%,50%|0,0,0|9,2
					e1
						0,0,50%,90%|0
			0,0,100%,10%|0,0,0|9,6
			e4
				0,0,10%,100%|0,0,0|
				0,0,10%,100%|0,0,0|
				0,0,10%,100%|0,0,0|
				0,0,10%,100%|0,0,0|
			0,0,100%,5%|0,0,0|9,6
		0,0,20%,60%|0,0,0|8,6
		e2
			0,0,100%,20%|0,0,0|
			0,0,100%,30%|0,0,0|

