0,0,-1,-1|0,0,0|9,6
c3
0,0,-5,-1|0,0,0|8,7
e2
0,0,-1,-3
0,0,-1,-3
0,0,-2,-1|0,0,0|8,7
c5
0,0,-1,-5|0,0,0|9,6
e5
0,0,-6,-1|0,0,0
0,0,-6,-1|0,0,0
0,0,-6,-1|0,0,0
0,0,-6,-1|0,0,0
0,0,-6,-1|0,0,0
0,0,-1,-5|0,0,0|9,6
e5
0,0,-6,-1|0,0,0
0,0,-6,-1|0,0,0
0,0,-6,-1|0,0,0
0,0,-6,-1|0,0,0
0,0,-6,-1|0,0,0
0,0,-1,-5|0,0,0|9,6
e5
0,0,-6,-1|0,0,0
0,0,-6,-1|0,0,0
0,0,-6,-1|0,0,0
0,0,-6,-1|0,0,0
0,0,-6,-1|0,0,0
0,0,-1,-5|0,0,0|9,6
e5
0,0,-6,-1|0,0,0
0,0,-6,-1|0,0,0
0,0,-6,-1|0,0,0
0,0,-6,-1|0,0,0
0,0,-6,-1|0,0,0
0,0,-1,-5|0,0,0|9,6
e5
0,0,-6,-1|0,0,0
0,0,-6,-1|0,0,0
0,0,-6,-1|0,0,0
0,0,-6,-1|0,0,0
0,0,-6,-1|0,0,0
0,0,-5,-1|0,0,0|8,7
e2
0,0,-1,-3|0,0,0
0,0,-1,-3|0,0,0
