r0,0,.1,.1|9,6
	c3
		r0,0,.3,.1|8,7
			e2
				r0,0,.1,.3
				r0,0,.1,.3
		r0,0,.3,.1|6,7
			c5
				r0,0,.1,.4|9,6
					e5
						r0,0,.6,.1
						r0,0,.6,.1
						r0,0,.6,.1
						r0,0,.6,.1
						r0,0,.6,.1
				r0,0,.1,.4|9,6
					e5
						r0,0,.6,.1
						r0,0,.6,.1
						r0,0,.6,.1
						r0,0,.6,.1
						r0,0,.6,.1
				r0,0,.1,.4|9,6
					e5
						r0,0,.6,.1
						r0,0,.6,.1
						r0,0,.6,.1
						r0,0,.6,.1
						r0,0,.6,.1
				r0,0,.1,.4|9,6
					e5
						r0,0,.6,.1
						r0,0,.6,.1
						r0,0,.6,.1
						r0,0,.6,.1
						r0,0,.6,.1
				r0,0,.1,.4|9,6
					e5
						r0,0,.6,.1
						r0,0,.6,.1
						r0,0,.6,.1
						r0,0,.6,.1
						r0,0,.6,.1
		r0,0,.3,.1|8,7
			e2
				r0,0,.1,.3
				r0,0,.1,.3
