0,0,100%,100%|0,0,0|8,6
	c2
	0,0,10%,10%|0,0,0|9,1
		e3
		0,0,20%,20%|0,0,0
		0,0,20%,20%|0,0,0
		0,0,20%,20%|0,0,0
	0,0,90%,90%|0,0,0|9,6
		c3
		0,0,25%,100%|0,0,0|8,6
			c5
			0,0,100%,15%|0,0,0|9,6
				e2
				0,0,40%,100%|0,0,0
				0,0,40%,100%|0,0,0
			0,0,100%,15%|0,0,0|9,6
				e2
				0,0,40%,100%|0,0,0
				0,0,40%,100%|0,0,0
			0,0,100%,15%|0,0,0|9,6
				e2
				0,0,40%,100%|0,0,0
				0,0,40%,100%|0,0,0
			0,0,100%,15%|0,0,0|9,6
				e2
				0,0,40%,100%|0,0,0
				0,0,40%,100%|0,0,0
			0,0,100%,15%|0,0,0|9,6
				e2
				0,0,40%,100%|0,0,0
				0,0,40%,100%|0,0,0
		0,0,65%,100%|0,0,0|9,6
			c2
			0,0,40%,100%|0,0,0|8,6
				e2
				0,0,100%,40%|0,0,0
				0,0,100%,40%|0,0,0
		0,0,10%,10%|0,0,0|8,6
			e1
			0,0,100%,25%|0,0,0
