0,0,100%,100%|0,0,0|8,6
c2
0,0,100%,10%|0,0,0|9,2
e3
0,0,25%,100%|0,0,0
0,0,25%,100%|0,0,0
0,0,25%,100%|0,0,0
0,0,90%,90%|0,0,0|9,1
c2
0,0,25%,100%|0,0,0|8,6
c5
0,0,100%,15%|0,0,0|9,7
e2
0,0,40%,100%|0,0,0
0,0,40%,100%|0,0,0
0,0,100%,15%|0,0,0|9,7
e2
0,0,40%,100%|0,0,0
0,0,40%,100%|0,0,0
0,0,100%,15%|0,0,0|9,7
e2
0,0,40%,100%|0,0,0
0,0,40%,100%|0,0,0
0,0,100%,15%|0,0,0|9,7
e2
0,0,40%,100%|0,0,0
0,0,40%,100%|0,0,0
0,0,100%,15%|0,0,0|9,2
e1
0,0,40%,100%|0,0,0
0,0,55%,100%|0,0,0|9,6
c2
0,0,40%,100%|0,0,0|8,6
e2
0,0,80%,45%|0,0,0
0,0,80%,45%|0,0,0
0,0,40%,100%|0,0,0|8,6
e2
0,0,80%,45%|0,0,0
0,0,80%,45%|0,0,0
